val_acc = [0.90253671562082782, 0.91855807743658213, 0.92176234979973293, 0.92870493991989322, 0.93164218958611478, 0.93057409879839781, 0.93351134846461947, 0.93538050734312417, 0.93217623497997326, 0.93324432576769023, .92710280373831777, 0.92630173564753004, 0.93377837116154871, 0.92843791722296398, 0.92736982643524701, 0.93084112149532705, 0.93351134846461947, 0.9324432576769025, 0.93564753004005341, 0.93084112149532705;
0.92069425901201607, 0.9196261682242991, 0.9343124165554072, 0.93511348464619493, 0.92843791722296398, 0.93724966622162886, 0.93297730307076099, 0.93484646194926568, 0.93110814419225629, 0.93377837116154871, 0.93137516688918554, 0.93030707610146868, 0.93644859813084114, 0.93698264352469962, 0.93164218958611478, 0.93190921228304402, 0.93164218958611478, 0.93030707610146868, 0.92122830440587455, 0.93538050734312417;
0.91695594125500668, 0.93110814419225629, 0.92042723631508683, 0.93164218958611478, 0.9324432576769025, 0.92950600801068095, 0.93591455273698265, 0.93164218958611478, 0.93724966622162886, 0.93457943925233644, 0.92843791722296398, 0.93404539385847796, 0.93858477970627507, 0.93004005340453944, 0.93484646194926568, 0.93511348464619493, 0.93671562082777038, 0.93030707610146868, 0.93457943925233644, 0.93591455273698265;
0.9081441922563418, 0.91909212283044062, 0.92923898531375171, 0.93190921228304402, 0.93271028037383175, 0.93004005340453944, 0.93778371161548735, 0.92496662216288383, 0.93965287049399204, 0.92469959946595459, 0.93217623497997326, 0.93805073431241659, 0.93457943925233644, 0.93110814419225629, 0.93297730307076099, 0.92736982643524701, 0.9393858477970628, 0.92710280373831777, 0.93457943925233644, 0.93377837116154871
];
acc = [0.85820148207490488, 0.92135656586284831, 0.9355764737298885, 0.9513318646104546, 0.95854195874621839, 0.96428332999532684, 0.97289538687495825, 0.97830295747777585, 0.98070632218439147, 0.98391080846518464, 0.98491221042793242, 0.98517925095133185, 0.98951865945657258, 0.98965217971827224, 0.98945189932572264, 0.99105414246611923, 0.99185526403631752, 0.99132118298951866, 0.99232258495226655, 0.9938580679618132;
0.87562587622671739, 0.93444155150942021, 0.95166566526470386, 0.96621937378997258, 0.97563255223980239, 0.98237532545563788, 0.98504573068963219, 0.98744909540022696, 0.991187662727819, 0.99359102743841377, 0.99072034181186996, 0.99319046665331467, 0.99172174377461775, 0.99445890913946189, 0.99586087188730887, 0.99432538887776223, 0.99412510848521263, 0.99472594966286132, 0.99499299018626075, 0.9961279124107083;
0.87796248080646233, 0.93243874757994527, 0.95193270578810329, 0.96281460711662992, 0.97309566727148711, 0.97770211629614789, 0.98310968689498635, 0.9869150143534281, 0.98758261566192673, 0.98811669670872559, 0.98985246011480099, 0.98871753788637429, 0.9930569463916149, 0.99379130783096337, 0.9930569463916149, 0.99352426730756394, 0.99352426730756394, 0.99332398691501433, 0.99526003070966018, 0.99392482809266303;
0.87008478536617928, 0.92870018025235335, 0.94358768943187132, 0.95760731691432033, 0.96621937378997258, 0.97489819080045392, 0.97803591695039727, 0.98217504506308828, 0.98063956205354164, 0.98751585553505605, 0.98464516990453299, 0.98985246011082184, 0.99172174377461775, 0.98931837906402298, 0.99085386207356962, 0.99278990586821547, 0.99312370652246473, 0.9930569463916149, 0.99138794312036849, 0.99299018626076507];

for i = [1,2,3,4],
	subplot(1,4,i)
	plot(acc(i,:)), hold on;
	plot(val_acc(i,:),"r");
	axis([1,20,0.85,1]);
	grid("on");
	hold off;
end;


1. good network1
2. good network2
3. good network3 2x 512
4. good network5


